	Dasypus hybridus	Dasypus septemcinctus	Dasypus sabanicola	Dasypus yepesi	Dasypus pilosus	Dasypus novemcinctus	Dasypus kappleri	Zaedyus pichiy	Chaetophractus vellerosus	Chaetophractus villosus	Euphractus sexcinctus	Tolypeutes matacus	Tolypeutes tricinctus	Cabassous centralis	Cabassous unicinctus	Cabassous chacoensis	Cabassous tatouay	Priodontes maximus	Chlamyphorus truncatus	Calyptophractus retusus	Megatherium americanum	Megalonyx jeffersonii	Choloepus hoffmanni	Choloepus didactylus	Mylodon darwinii	Bradypus tridactylus	Bradypus variegatus	Bradypus pygmaeus	Bradypus torquatus	Nothrotheriops shastensis	Acratocnus ye	Parocnus serus	Tamandua mexicana	Tamandua tetradactyla	Myrmecophaga tridactyla	Cyclopes didactylus	Monodelphis domestica
Dasypus hybridus	1	0.976	0.926	0.926	0.922	0.927	0.88	0.784	0.786	0.781	0.78	0.777	0.78	0.776	0.778	0.776	0.778	0.775	0.764	0.765	0.699	0.709	0.719	0.721	0.72	0.713	0.71	0.713	0.716	0.7	0.698	0.693	0.72	0.718	0.718	0.712	0.665
Dasypus septemcinctus	0.976	1	0.921	0.916	0.912	0.911	0.891	0.796	0.798	0.793	0.791	0.79	0.775	0.775	0.789	0.788	0.788	0.787	0.775	0.778	0.713	0.723	0.732	0.733	0.733	0.717	0.715	0.713	0.72	0.714	0.712	0.706	0.733	0.731	0.731	0.724	0.664
Dasypus sabanicola	0.926	0.921	1	0.979	0.942	0.943	0.882	0.787	0.788	0.786	0.783	0.782	0.782	0.771	0.778	0.776	0.778	0.777	0.764	0.766	0.702	0.711	0.724	0.725	0.723	0.713	0.711	0.71	0.716	0.7	0.696	0.692	0.725	0.723	0.721	0.713	0.666
Dasypus yepesi	0.926	0.916	0.979	1	0.944	0.94	0.878	0.786	0.787	0.785	0.781	0.778	0.782	0.77	0.773	0.772	0.774	0.776	0.764	0.765	0.702	0.711	0.72	0.722	0.72	0.712	0.711	0.709	0.715	0.7	0.697	0.693	0.723	0.722	0.718	0.711	0.665
Dasypus pilosus	0.922	0.912	0.942	0.944	1	0.936	0.875	0.781	0.781	0.782	0.777	0.774	0.783	0.77	0.772	0.77	0.772	0.77	0.759	0.763	0.696	0.705	0.72	0.723	0.719	0.714	0.71	0.707	0.712	0.695	0.692	0.689	0.72	0.719	0.718	0.711	0.667
Dasypus novemcinctus	0.927	0.911	0.943	0.94	0.936	1	0.872	0.78	0.78	0.778	0.776	0.774	0.778	0.768	0.772	0.77	0.772	0.77	0.758	0.759	0.695	0.702	0.715	0.719	0.716	0.71	0.708	0.712	0.712	0.694	0.691	0.687	0.718	0.717	0.714	0.708	0.662
Dasypus kappleri	0.88	0.891	0.882	0.878	0.875	0.872	1	0.794	0.796	0.793	0.791	0.794	0.779	0.775	0.789	0.788	0.788	0.789	0.775	0.782	0.718	0.726	0.736	0.736	0.735	0.719	0.72	0.716	0.724	0.718	0.715	0.71	0.732	0.731	0.729	0.718	0.66
Zaedyus pichiy	0.784	0.796	0.787	0.786	0.781	0.78	0.794	1	0.941	0.934	0.927	0.821	0.808	0.805	0.824	0.821	0.823	0.834	0.817	0.817	0.723	0.732	0.742	0.74	0.742	0.716	0.721	0.718	0.725	0.725	0.722	0.719	0.738	0.736	0.735	0.731	0.662
Chaetophractus vellerosus	0.786	0.798	0.788	0.787	0.781	0.78	0.796	0.941	1	0.933	0.928	0.817	0.807	0.807	0.824	0.819	0.825	0.831	0.814	0.814	0.72	0.729	0.739	0.738	0.74	0.718	0.72	0.719	0.726	0.723	0.721	0.717	0.736	0.735	0.73	0.727	0.661
Chaetophractus villosus	0.781	0.793	0.786	0.785	0.782	0.778	0.793	0.934	0.933	1	0.92	0.818	0.805	0.804	0.823	0.818	0.821	0.83	0.813	0.815	0.719	0.727	0.742	0.743	0.743	0.72	0.719	0.716	0.722	0.722	0.718	0.716	0.739	0.738	0.735	0.732	0.664
Euphractus sexcinctus	0.78	0.791	0.783	0.781	0.777	0.776	0.791	0.927	0.928	0.92	1	0.814	0.806	0.802	0.818	0.815	0.819	0.827	0.81	0.81	0.719	0.725	0.739	0.737	0.737	0.717	0.718	0.718	0.723	0.723	0.718	0.715	0.731	0.729	0.728	0.724	0.658
Tolypeutes matacus	0.777	0.79	0.782	0.778	0.774	0.774	0.794	0.821	0.817	0.818	0.814	1	0.839	0.819	0.842	0.837	0.836	0.833	0.806	0.816	0.732	0.732	0.748	0.746	0.751	0.722	0.723	0.719	0.725	0.73	0.728	0.725	0.737	0.737	0.735	0.73	0.654
Tolypeutes tricinctus	0.78	0.775	0.782	0.782	0.783	0.778	0.779	0.808	0.807	0.805	0.806	0.839	1	0.818	0.821	0.818	0.827	0.817	0.787	0.791	0.703	0.707	0.726	0.725	0.727	0.718	0.716	0.716	0.721	0.701	0.702	0.698	0.716	0.715	0.714	0.705	0.657
Cabassous centralis	0.776	0.775	0.771	0.77	0.77	0.768	0.775	0.805	0.807	0.804	0.802	0.819	0.818	1	0.936	0.877	0.873	0.823	0.793	0.795	0.7	0.703	0.721	0.72	0.725	0.714	0.713	0.709	0.713	0.701	0.699	0.695	0.711	0.709	0.711	0.701	0.65
Cabassous unicinctus	0.778	0.789	0.778	0.773	0.772	0.772	0.789	0.824	0.824	0.823	0.818	0.842	0.821	0.936	1	0.917	0.888	0.846	0.828	0.832	0.731	0.733	0.749	0.745	0.752	0.717	0.725	0.72	0.724	0.73	0.73	0.725	0.735	0.732	0.735	0.73	0.652
Cabassous chacoensis	0.776	0.788	0.776	0.772	0.77	0.77	0.788	0.821	0.819	0.818	0.815	0.837	0.818	0.877	0.917	1	0.896	0.843	0.829	0.833	0.738	0.742	0.749	0.745	0.75	0.717	0.726	0.722	0.723	0.738	0.738	0.733	0.735	0.733	0.733	0.729	0.648
Cabassous tatouay	0.778	0.788	0.778	0.774	0.772	0.772	0.788	0.823	0.825	0.821	0.819	0.836	0.827	0.873	0.888	0.896	1	0.84	0.808	0.814	0.718	0.723	0.736	0.735	0.741	0.721	0.722	0.717	0.722	0.721	0.72	0.714	0.726	0.724	0.726	0.715	0.652
Priodontes maximus	0.775	0.787	0.777	0.776	0.77	0.77	0.789	0.834	0.831	0.83	0.827	0.833	0.817	0.823	0.846	0.843	0.84	1	0.822	0.823	0.726	0.731	0.741	0.74	0.747	0.718	0.721	0.718	0.721	0.727	0.727	0.725	0.734	0.733	0.729	0.717	0.646
Chlamyphorus truncatus	0.764	0.775	0.764	0.764	0.759	0.758	0.775	0.817	0.814	0.813	0.81	0.806	0.787	0.793	0.828	0.829	0.808	0.822	1	0.851	0.733	0.736	0.74	0.736	0.743	0.708	0.718	0.714	0.717	0.732	0.729	0.726	0.728	0.727	0.724	0.723	0.641
Calyptophractus retusus	0.765	0.778	0.766	0.765	0.763	0.759	0.782	0.817	0.814	0.815	0.81	0.816	0.791	0.795	0.832	0.833	0.814	0.823	0.851	1	0.74	0.744	0.752	0.746	0.751	0.72	0.726	0.721	0.723	0.741	0.739	0.737	0.736	0.734	0.734	0.73	0.645
Megatherium americanum	0.699	0.713	0.702	0.702	0.696	0.695	0.718	0.723	0.72	0.719	0.719	0.732	0.703	0.7	0.731	0.738	0.718	0.726	0.733	0.74	1	0.874	0.794	0.791	0.808	0.763	0.775	0.771	0.771	0.859	0.85	0.85	0.725	0.724	0.724	0.721	0.624
Megalonyx jeffersonii	0.709	0.723	0.711	0.711	0.705	0.702	0.726	0.732	0.729	0.727	0.725	0.732	0.707	0.703	0.733	0.742	0.723	0.731	0.736	0.744	0.874	1	0.8	0.8	0.813	0.771	0.782	0.778	0.779	0.869	0.856	0.853	0.733	0.731	0.729	0.725	0.628
Choloepus hoffmanni	0.719	0.732	0.724	0.72	0.72	0.715	0.736	0.742	0.739	0.742	0.739	0.748	0.726	0.721	0.749	0.749	0.736	0.741	0.74	0.752	0.794	0.8	1	0.923	0.846	0.791	0.795	0.793	0.796	0.792	0.788	0.785	0.747	0.745	0.75	0.75	0.646
Choloepus didactylus	0.721	0.733	0.725	0.722	0.723	0.719	0.736	0.74	0.738	0.743	0.737	0.746	0.725	0.72	0.745	0.745	0.735	0.74	0.736	0.746	0.791	0.8	0.923	1	0.846	0.794	0.794	0.792	0.791	0.787	0.786	0.783	0.746	0.745	0.749	0.745	0.646
Mylodon darwinii	0.72	0.733	0.723	0.72	0.719	0.716	0.735	0.742	0.74	0.743	0.737	0.751	0.727	0.725	0.752	0.75	0.741	0.747	0.743	0.751	0.808	0.813	0.846	0.846	1	0.793	0.8	0.795	0.798	0.806	0.801	0.8	0.746	0.746	0.752	0.746	0.642
Bradypus tridactylus	0.713	0.717	0.713	0.712	0.714	0.71	0.719	0.716	0.718	0.72	0.717	0.722	0.718	0.714	0.717	0.717	0.721	0.718	0.708	0.72	0.763	0.771	0.791	0.794	0.793	1	0.888	0.874	0.822	0.762	0.75	0.754	0.72	0.72	0.724	0.715	0.646
Bradypus variegatus	0.71	0.715	0.711	0.711	0.71	0.708	0.72	0.721	0.72	0.719	0.718	0.723	0.716	0.713	0.725	0.726	0.722	0.721	0.718	0.726	0.775	0.782	0.795	0.794	0.8	0.888	1	0.886	0.827	0.777	0.764	0.765	0.718	0.717	0.722	0.718	0.637
Bradypus pygmaeus	0.713	0.713	0.71	0.709	0.707	0.712	0.716	0.718	0.719	0.716	0.718	0.719	0.716	0.709	0.72	0.722	0.717	0.718	0.714	0.721	0.771	0.778	0.793	0.792	0.795	0.874	0.886	1	0.831	0.771	0.756	0.761	0.716	0.715	0.718	0.714	0.638
Bradypus torquatus	0.716	0.72	0.716	0.715	0.712	0.712	0.724	0.725	0.726	0.722	0.723	0.725	0.721	0.713	0.724	0.723	0.722	0.721	0.717	0.723	0.771	0.779	0.796	0.791	0.798	0.822	0.827	0.831	1	0.774	0.762	0.761	0.723	0.722	0.728	0.723	0.646
Nothrotheriops shastensis	0.7	0.714	0.7	0.7	0.695	0.694	0.718	0.725	0.723	0.722	0.723	0.73	0.701	0.701	0.73	0.738	0.721	0.727	0.732	0.741	0.859	0.869	0.792	0.787	0.806	0.762	0.777	0.771	0.774	1	0.848	0.844	0.729	0.726	0.726	0.723	0.625
Acratocnus ye	0.698	0.712	0.696	0.697	0.692	0.691	0.715	0.722	0.721	0.718	0.718	0.728	0.702	0.699	0.73	0.738	0.72	0.727	0.729	0.739	0.85	0.856	0.788	0.786	0.801	0.75	0.764	0.756	0.762	0.848	1	0.855	0.724	0.723	0.722	0.718	0.623
Parocnus serus	0.693	0.706	0.692	0.693	0.689	0.687	0.71	0.719	0.717	0.716	0.715	0.725	0.698	0.695	0.725	0.733	0.714	0.725	0.726	0.737	0.85	0.853	0.785	0.783	0.8	0.754	0.765	0.761	0.761	0.844	0.855	1	0.723	0.721	0.719	0.716	0.616
Tamandua mexicana	0.72	0.733	0.725	0.723	0.72	0.718	0.732	0.738	0.736	0.739	0.731	0.737	0.716	0.711	0.735	0.735	0.726	0.734	0.728	0.736	0.725	0.733	0.747	0.746	0.746	0.72	0.718	0.716	0.723	0.729	0.724	0.723	1	0.968	0.854	0.775	0.654
Tamandua tetradactyla	0.718	0.731	0.723	0.722	0.719	0.717	0.731	0.736	0.735	0.738	0.729	0.737	0.715	0.709	0.732	0.733	0.724	0.733	0.727	0.734	0.724	0.731	0.745	0.745	0.746	0.72	0.717	0.715	0.722	0.726	0.723	0.721	0.968	1	0.853	0.776	0.654
Myrmecophaga tridactyla	0.718	0.731	0.721	0.718	0.718	0.714	0.729	0.735	0.73	0.735	0.728	0.735	0.714	0.711	0.735	0.733	0.726	0.729	0.724	0.734	0.724	0.729	0.75	0.749	0.752	0.724	0.722	0.718	0.728	0.726	0.722	0.719	0.854	0.853	1	0.777	0.658
Cyclopes didactylus	0.712	0.724	0.713	0.711	0.711	0.708	0.718	0.731	0.727	0.732	0.724	0.73	0.705	0.701	0.73	0.729	0.715	0.717	0.723	0.73	0.721	0.725	0.75	0.745	0.746	0.715	0.718	0.714	0.723	0.723	0.718	0.716	0.775	0.776	0.777	1	0.655
Monodelphis domestica	0.665	0.664	0.666	0.665	0.667	0.662	0.66	0.662	0.661	0.664	0.658	0.654	0.657	0.65	0.652	0.648	0.652	0.646	0.641	0.645	0.624	0.628	0.646	0.646	0.642	0.646	0.637	0.638	0.646	0.625	0.623	0.616	0.654	0.654	0.658	0.655	1